975
248 258
13 587
108 197
410 116
360 280
18 916
38 311
482 43
86 473
792 830
246 329
98 350
43 325
26 908
523 682
313 85
420 124
952 399
333 365
151 424
89 109
578 292
84 28
219 117
48 81
567 371
478 627
270 380
36 632
535 780
368 241
59 803
484 262
769 388
3 898
590 239
174 86
33 577
10 326
341 729
226 382
134 93
393 146
819 93
326 353
173 67
558 740
819 879
411 715
296 26
422 522
194 559
790 70
655 905
663 147
690 445
38 24
832 381
64 114
44 19
793 331
433 911
585 176
570 177
617 462
621 320
57 225
935 638
947 459
47 352
725 322
46 349
751 527
431 290
609 597
565 517
405 571
221 301
19 156
165 767
430 868
96 56
949 221
716 825
560 849
682 689
417 105
960 677
67 641
582 476
71 35
709 839
648 563
646 187
437 749
71 187
833 508
167 611
842 440
602 951
583 777
47 1
570 826
78 126
461 618
189 3
338 138
49 553
92 161
98 71
151 240
792 347
198 44
164 76
502 173
629 391
161 763
67 73
384 398
529 524
26 218
269 282
583 386
64 117
253 566
645 327
372 214
130 394
518 561
230 229
279 337
596 399
181 292
333 250
28 11
865 915
80 45
552 82
131 92
5 7
275 178
205 182
137 668
94 41
74 83
661 869
399 786
522 697
624 145
152 956
332 745
649 667
95 883
256 122
786 932
514 730
188 266
865 418
302 245
371 27
154 277
64 102
417 856
386 332
359 73
585 700
930 146
72 3
65 62
567 728
39 855
178 61
445 816
35 207
780 938
1 105
502 754
191 622
22 67
70 51
58 44
231 38
59 64
191 69
817 513
417 555
316 944
231 723
2 910
235 217
363 720
4 12
644 451
364 675
195 18
845 427
460 230
215 124
907 189
340 183
372 463
836 374
798 770
327 775
259 330
443 285
169 2
972 566
77 106
35 177
53 184
48 34
279 273
415 387
686 742
248 378
507 804
145 259
741 42
882 963
925 345
234 215
366 106
421 373
937 744
7 46
655 880
589 56
362 39
412 526
569 12
406 408
597 642
263 53
664 502
591 27
6 8
351 295
541 637
594 510
6 22
873 210
662 290
893 611
269 73
818 71
968 153
225 953
638 38
584 81
189 724
721 591
904 337
91 746
548 635
465 62
714 806
352 735
795 633
15 29
34 40
28 170
604 652
884 259
808 877
553 620
888 850
665 364
148 119
509 778
474 736
12 246
72 757
41 56
779 312
885 823
461 393
87 11
459 199
510 350
134 418
93 159
324 127
581 100
854 445
80 716
896 395
928 236
862 785
328 217
168 41
358 958
1 738
141 887
671 454
185 83
235 876
789 207
417 710
536 182
270 623
171 458
352 376
672 486
144 423
512 154
386 452
810 931
97 442
135 31
15 347
5 10
3 157
220 32
430 140
42 640
392 533
393 934
360 395
193 29
823 901
68 448
229 709
237 348
202 409
389 385
765 87
349 519
678 913
223 183
83 108
432 383
731 156
500 9
698 95
88 32
99 100
698 820
705 702
617 722
554 969
371 882
92 69
437 454
283 490
973 501
21 411
42 85
232 162
22 841
625 823
871 787
267 358
344 639
612 353
52 123
557 508
337 732
280 890
154 248
26 147
186 175
494 227
542 315
713 688
199 495
254 298
196 119
535 498
92 229
337 608
4 1
63 25
323 215
886 589
401 444
404 291
176 250
96 167
914 738
765 807
753 743
97 24
626 43
15 837
485 42
864 370
678 188
118 543
133 103
225 336
277 588
649 13
840 822
81 118
966 223
119 121
674 345
145 141
250 491
6 1
44 93
4 222
288 48
46 51
82 295
838 588
507 429
433 822
500 696
201 12
764 756
59 20
613 476
223 683
154 257
397 71
387 733
496 34
493 903
568 580
1 2
61 152
122 475
636 16
297 412
909 411
783 263
163 33
112 300
679 24
707 156
386 439
601 107
799 283
26 36
89 388
441 418
390 889
573 50
116 658
56 139
235 631
10 50
413 281
418 504
811 214
37 39
237 45
18 13
23 24
305 809
860 300
58 363
520 301
234 285
941 828
881 453
153 508
82 355
20 183
562 205
899 537
19 714
967 875
270 194
171 54
325 339
5 32
894 726
328 402
398 554
11 15
145 284
950 192
975 422
602 527
802 703
110 400
770 375
702 10
592 927
9 60
15 75
162 91
27 25
388 772
363 704
303 133
278 530
282 335
150 49
866 609
231 517
625 158
68 194
891 382
607 267
681 566
336 614
42 119
694 445
518 465
912 153
23 26
280 191
134 267
180 128
386 684
721 970
900 880
416 346
271 232
403 148
79 158
801 444
488 443
785 714
611 711
516 119
192 474
271 604
208 78
83 556
163 964
503 247
16 3
148 821
616 810
602 844
633 923
13 7
246 435
659 235
101 141
32 190
71 90
192 146
747 398
504 774
56 86
125 109
41 334
850 971
426 322
472 560
825 945
101 212
19 33
200 493
19 34
453 76
136 133
188 61
206 153
207 383
20 18
632 758
933 645
540 100
618 939
227 361
54 99
179 606
333 550
13 345
853 921
9 11
544 182
312 88
317 100
342 229
9 6
800 403
489 756
655 413
650 7
160 660
67 464
273 57
962 652
739 698
3 95
538 22
82 1
463 546
84 153
75 369
477 85
734 208
656 632
426 449
563 464
834 136
140 592
643 11
224 425
567 603
253 748
665 701
523 318
316 294
442 525
69 48
251 486
46 321
84 128
38 130
568 84
460 505
209 16
192 456
190 605
6 211
247 261
17 129
488 812
498 442
558 255
385 72
107 265
142 278
51 210
592 926
206 233
37 28
344 182
32 726
109 575
545 269
356 26
165 332
282 815
524 10
307 315
299 41
175 6
257 479
764 788
440 476
154 370
38 599
96 906
243 213
737 214
308 6
2 5
846 942
478 205
73 165
284 852
60 686
851 416
531 719
49 17
77 149
101 666
138 50
857 474
543 831
34 154
107 84
576 794
501 477
98 103
531 355
744 274
346 222
691 489
160 450
200 214
89 15
34 43
77 76
497 163
96 309
31 29
234 929
282 399
36 137
39 534
415 446
168 253
539 449
598 50
384 39
26 628
940 127
254 22
481 123
303 374
199 194
14 8
469 117
88 160
357 247
14 74
116 74
144 26
943 387
422 394
336 859
661 197
238 377
579 159
447 118
217 155
255 250
692 677
208 252
974 179
746 762
632 676
924 846
113 766
202 149
253 468
87 677
63 143
27 35
712 67
332 717
470 299
961 218
1 23
370 654
687 47
305 586
863 399
106 264
670 258
20 21
311 918
480 475
462 452
779 965
509 422
653 487
11 91
616 333
11 68
669 895
358 387
142 47
110 50
166 123
314 298
36 657
610 595
397 455
216 151
44 472
515 194
31 101
669 501
640 805
379 244
776 42
178 824
639 673
298 396
135 245
917 742
134 155
53 9
181 159
451 98
98 574
487 79
251 109
218 407
227 155
489 49
343 19
17 1
429 110
600 164
174 392
595 548
290 218
376 471
892 844
15 287
634 267
521 79
499 392
559 813
260 2
286 28
38 305
497 630
771 791
140 9
9 354
55 30
216 572
829 295
843 335
874 780
78 946
457 404
131 327
781 344
277 506
92 104
406 47
743 352
410 548
236 38
796 715
13 597
92 483
784 44
46 203
7 45
165 827
693 573
787 723
513 89
750 445
148 467
699 621
514 306
593 448
11 79
872 437
33 858
262 148
111 172
153 438
16 239
57 16
293 45
115 30
850 258
466 280
688 378
318 10
217 846
247 161
500 537
936 574
61 132
15 122
835 219
3 1
322 186
224 12
501 727
27 427
313 541
297 112
564 266
413 703
67 179
310 97
773 95
647 555
401 76
26 228
708 135
13 66
904 955
143 576
379 759
226 215
373 381
16 62
615 527
814 760
43 651
680 771
957 267
41 32
113 43
547 194
959 769
289 108
295 718
220 281
27 30
55 391
39 291
761 152
191 375
514 919
775 954
68 782
306 125
414 44
416 902
619 486
76 73
